16
30
16 10 17 10 30 1 20 0 1 2 3 4 5 6 7 
17 10 17 10 30 1 20 0 1 2 3 4 5 6 7 
18 10 16 10 30 1 20 0 1 2 3 4 5 6 7 
19 10 16 10 30 1 20 0 1 2 3 4 5 6 7 
20 10 33 2 5 0 10 3 4 
21 10 32 2 5 0 10 2 7 
22 10 20 2 5 0 50 0 1 2 3 4 5 6 7 
23 10 58 2 5 0 50 0 1 2 3 4 5 6 7 
24 10 32 2 5 0 50 0 1 2 3 4 5 6 7 
25 -18 165 2 5 1 30 0 4 5 
25 -150 -18 2 5 1 30 1 6 
25 -150 31 2 5 1 30 2 3 7 
26 10 16 2 5 1 10 0 1 2 3 4 5 6 7 
27 2 5 5 10 1 10 0 1 2 3 4 5 6 7 
28 -25 151 2 5 1 40 0 4 5 
28 -151 151 2 5 0 40 1 6 
28 -151 25 2 5 1 40 2 3 7 
29 -100 6 2 5 1 40 0 4 5 
29 -227 6 2 5 0 40 1 6 
29 -227 -100 2 5 1 40 2 3 7 
