18
31
18 10 41 4 30 1 20 0 1 2 3 4 5 6 7 
19 10 28 4 10 1 20 0 1 2 3 4 5 6 7 
20 10 110 2 5 0 70 0 4 5 
20 -110 110 2 5 1 70 1 6 
20 -110 -10 2 5 0 70 2 3 7 
21 10 110 2 5 0 70 0 4 5 
21 -110 110 2 5 1 70 1 6 
21 -110 -10 2 5 0 70 2 3 7 
22 10 45 2 5 0 70 0 1 2 3 4 5 6 7 
23 10 45 2 5 0 70 0 1 2 3 4 5 6 7 
24 10 12 2 5 1 20 0 1 2 3 4 5 6 7 
25 10 68 2 5 1 20 0 1 2 3 4 5 6 7 
26 10 68 2 5 1 20 0 1 2 3 4 5 6 7 
27 10 56 2 4 0 20 2 7 
28 10 55 2 4 0 20 5 3 4 
29 -57 54 2 5 1 100 0 4 5 
29 -184 54 2 5 1 100 1 6 
29 -184 -74 2 5 1 100 2 3 7 
30 -92 42 2 5 1 100 0 4 5 
30 -202 42 2 5 1 100 1 6 
30 -202 -82 2 5 1 100 2 3 7 
