18
29
18 10 17 5 20 1 30 0 1 2 3 4 5 6 7 
19 10 17 5 20 1 30 0 1 2 3 4 5 6 7 
28 -47 100 2 5 1 100 0 4 5 
28 -150 100 2 5 1 100 1 6 
28 -150 -30 2 5 1 100 2 3 7 
20 3 8 2 20 1 30 0 1 2 3 4 5 6 7 
21 10 31 2 5 1 20 2 7 
22 10 31 2 5 1 20 3 4 
23 7 98 2 5 1 25 0 4 5 
23 -122 92 2 5 0 25 1 6 
23 -122 -48 2 5 1 25 2 3 7 
24 10 21 2 10 0 40 0 1 2 3 4 5 6 7 
25 7 48 2 5 1 20 0 4 5 
25 -122 50 2 5 0 20 1 6 
25 -122 -84 2 5 1 20 2 3 7 
26 -60 -46 2 5 1 30 0 4 5 
26 -188 -49 2 5 1 30 1 6 
26 -188 -176 2 5 1 30 2 3 7 
27 -47 100 2 5 1 100 0 4 5 
27 -150 100 2 5 1 100 1 6 
27 -150 -30 2 5 1 100 2 3 7 
27 -47 100 2 5 1 100 0 4 5 
27 -150 100 2 5 1 100 1 6 
27 -150 -30 2 5 1 100 2 3 7 
27 -47 100 2 5 1 100 0 4 5 
27 -150 100 2 5 1 100 1 6 
27 -150 -30 2 5 1 100 2 3 7 
