16 10 18 3 30 1 20 0 1 2 3 4 5 6 7 
17 -18 165 2 5 1 50 0 4 5 
17 -150 -18 2 5 1 50 1 6 
17 -150 31 2 5 1 50 2 3 7 
18 2 5 120 128 0 25 8 9 10 11 12 13 14 15 
19 2 5 120 128 0 25 8 9 10 11 12 13 14 15 
20 2 5 120 128 0 25 8 9 10 11 12 13 14 15 
21 2 5 120 128 0 25 8 9 10 11 12 13 14 15 
22 10 64 2 5 1 30 0 1 2 3 4 5 6 7 
23 10 65 2 5 1 30 0 1 2 3 4 5 6 7 
24 10 16 2 5 1 10 0 1 2 3 4 5 6 7 
25 10 32 2 5 1 10 0 1 2 3 4 5 6 7 
26 20 27 2 5 1 10 0 1 2 3 4 5 6 7 
27 10 18 2 5 0 90 0 1 2 3 4 5 6 7 
28 5 71 2 5 0 70 0 4 5 
28 -125 67 2 5 1 70 1 6 
28 -125 -73 2 5 0 70 2 3 7 
29 -86 112 2 5 0 90 0 4 5 
29 -212 20 2 5 1 90 1 6 
29 -212 -113 2 5 0 90 2 3 7 
